questions_accuracy:0.623015873015873
questions_f1:0.2019363762102351
questions_avgrec:0.3333333333333333
answers_accuracy:0.5730337078651685
answers_fscore:0.1763085399449036
answers_avgrec:0.3333333333333333
answers_map:0.5877865961199293
